30
-0.000170087172924134
-0.0003338103621578571
-5.2116291919249556e-05
-0.004795641313166568
0.0018419440321802956
0.001300999395887858
-0.0021661131450319954
0.0005822555979701916
-0.0011831808888258574
-0.0027585686069544796
-0.0026298629466242275
0.0008098922378904269
0.0018234408288866884
0.002765232307459046
-0.0002773152414497704
0.0003168732049022862
-0.009650514338071117
0.003820198742482937
-0.002284163138965033
0.0078112156171767574
-0.0020147873466505382
0.0013831420477223115
0.0015131342334175637
-0.0006039372900464936
-0.0010647400669484156
-0.004009177887761601
0.0014203843719647494
0.0010559961453102012
-0.002340508529683797
0.003563365013109607

0.000636  0.000264 0.000315 0.000357 0.000326 0.000323 0.000343 0.000352 0.000377 0.000458 0.000462 0.000291 0.000137 0.000301 0.000211 0.000323 0.000616 0.000139 0.000486  0.000412 0.000605 0.000310 0.000240 0.000241 0.000294 0.000455 0.000205 0.000236 0.000262 0.000284
0.000264  0.000394 0.000230 0.000237 0.000299 0.000244 0.000270 0.000227 0.000231 0.000261 0.000260 0.000278 0.000132 0.000264 0.000166 0.000238 0.000347 0.000151 0.000275 -0.000009 0.000259 0.000192 0.000179 0.000145 0.000222 0.000186 0.000152 0.000187 0.000198 0.000123
0.000315  0.000230 0.000272 0.000253 0.000260 0.000244 0.000286 0.000258 0.000257 0.000306 0.000305 0.000268 0.000123 0.000242 0.000162 0.000229 0.000346 0.000136 0.000333  0.000310 0.000423 0.000211 0.000176 0.000167 0.000224 0.000279 0.000154 0.000172 0.000190 0.000164
0.000357  0.000237 0.000253 0.000824 0.000404 0.000251 0.000364 0.000316 0.000434 0.000462 0.000456 0.000315 0.000119 0.000356 0.000166 0.000257 0.000736 0.000139 0.000465  0.000597 0.000542 0.000296 0.000211 0.000164 0.000531 0.000506 0.000176 0.000165 0.000130 0.000265
0.000326  0.000299 0.000260 0.000404 0.000555 0.000322 0.000368 0.000320 0.000407 0.000284 0.000283 0.000282 0.000125 0.000499 0.000189 0.000324 0.000361 0.000163 0.000344  0.000462 0.000492 0.000331 0.000198 0.000187 0.000346 0.000404 0.000221 0.000265 0.000211 0.000230
0.000323  0.000244 0.000244 0.000251 0.000322 0.000296 0.000284 0.000275 0.000301 0.000277 0.000276 0.000279 0.000124 0.000304 0.000168 0.000259 0.000271 0.000137 0.000320  0.000305 0.000427 0.000228 0.000176 0.000162 0.000244 0.000300 0.000177 0.000205 0.000170 0.000203
0.000343  0.000270 0.000286 0.000364 0.000368 0.000284 0.000564 0.000329 0.000398 0.000359 0.000356 0.000308 0.000171 0.000355 0.000214 0.000300 0.000389 0.000188 0.000379  0.000531 0.000469 0.000258 0.000247 0.000216 0.000346 0.000284 0.000188 0.000263 0.000265 0.000258
0.000352  0.000227 0.000258 0.000316 0.000320 0.000275 0.000329 0.000312 0.000331 0.000313 0.000312 0.000287 0.000129 0.000307 0.000177 0.000280 0.000361 0.000141 0.000349  0.000401 0.000472 0.000272 0.000183 0.000185 0.000293 0.000307 0.000183 0.000226 0.000202 0.000234
0.000377  0.000231 0.000257 0.000434 0.000407 0.000301 0.000398 0.000331 0.000471 0.000353 0.000350 0.000293 0.000115 0.000390 0.000203 0.000336 0.000452 0.000120 0.000388  0.000576 0.000534 0.000340 0.000213 0.000209 0.000458 0.000430 0.000181 0.000278 0.000195 0.000315
0.000458  0.000261 0.000306 0.000462 0.000284 0.000277 0.000359 0.000313 0.000353 0.000631 0.000620 0.000336 0.000127 0.000264 0.000181 0.000228 0.000688 0.000135 0.000581  0.000373 0.000562 0.000236 0.000218 0.000187 0.000381 0.000305 0.000164 0.000124 0.000241 0.000231
0.000462  0.000260 0.000305 0.000456 0.000283 0.000276 0.000356 0.000312 0.000350 0.000620 0.000611 0.000333 0.000131 0.000265 0.000183 0.000231 0.000709 0.000138 0.000574  0.000374 0.000550 0.000239 0.000219 0.000187 0.000373 0.000306 0.000166 0.000130 0.000241 0.000230
0.000291  0.000278 0.000268 0.000315 0.000282 0.000279 0.000308 0.000287 0.000293 0.000336 0.000333 0.000424 0.000135 0.000262 0.000199 0.000250 0.000376 0.000142 0.000329  0.000299 0.000481 0.000204 0.000208 0.000149 0.000343 0.000294 0.000158 0.000187 0.000175 0.000182
0.000137  0.000132 0.000123 0.000119 0.000125 0.000124 0.000171 0.000129 0.000115 0.000127 0.000131 0.000135 0.000133 0.000138 0.000094 0.000108 0.000128 0.000123 0.000135  0.000159 0.000140 0.000102 0.000107 0.000103 0.000075 0.000155 0.000103 0.000093 0.000083 0.000041
0.000301  0.000264 0.000242 0.000356 0.000499 0.000304 0.000355 0.000307 0.000390 0.000264 0.000265 0.000262 0.000138 0.000492 0.000176 0.000304 0.000321 0.000159 0.000324  0.000473 0.000425 0.000336 0.000192 0.000179 0.000316 0.000340 0.000227 0.000253 0.000186 0.000219
0.000211  0.000166 0.000162 0.000166 0.000189 0.000168 0.000214 0.000177 0.000203 0.000181 0.000183 0.000199 0.000094 0.000176 0.000181 0.000179 0.000201 0.000104 0.000194  0.000207 0.000262 0.000146 0.000176 0.000140 0.000160 0.000221 0.000101 0.000149 0.000113 0.000089
0.000323  0.000238 0.000229 0.000257 0.000324 0.000259 0.000300 0.000280 0.000336 0.000228 0.000231 0.000250 0.000108 0.000304 0.000179 0.000325 0.000297 0.000122 0.000279  0.000300 0.000431 0.000279 0.000175 0.000172 0.000287 0.000317 0.000147 0.000275 0.000189 0.000251
0.000616  0.000347 0.000346 0.000736 0.000361 0.000271 0.000389 0.000361 0.000452 0.000688 0.000709 0.000376 0.000128 0.000321 0.000201 0.000297 0.002271 0.000077 0.000644  0.000801 0.000531 0.000250 0.000231 0.000189 0.000613 0.000504 0.000214 0.000196 0.000319 0.000244
0.000139  0.000151 0.000136 0.000139 0.000163 0.000137 0.000188 0.000141 0.000120 0.000135 0.000138 0.000142 0.000123 0.000159 0.000104 0.000122 0.000077 0.000187 0.000141  0.000161 0.000100 0.000106 0.000104 0.000104 0.000010 0.000112 0.000101 0.000112 0.000093 0.000073
0.000486  0.000275 0.000333 0.000465 0.000344 0.000320 0.000379 0.000349 0.000388 0.000581 0.000574 0.000329 0.000135 0.000324 0.000194 0.000279 0.000644 0.000141 0.000611  0.000421 0.000647 0.000291 0.000232 0.000202 0.000387 0.000343 0.000199 0.000178 0.000253 0.000281
0.000412 -0.000009 0.000310 0.000597 0.000462 0.000305 0.000531 0.000401 0.000576 0.000373 0.000374 0.000299 0.000159 0.000473 0.000207 0.000300 0.000801 0.000161 0.000421  0.001701 0.000637 0.000288 0.000232 0.000260 0.000475 0.000814 0.000264 0.000267 0.000149 0.000379
0.000605  0.000259 0.000423 0.000542 0.000492 0.000427 0.000469 0.000472 0.000534 0.000562 0.000550 0.000481 0.000140 0.000425 0.000262 0.000431 0.000531 0.000100 0.000647  0.000637 0.001271 0.000404 0.000277 0.000255 0.000693 0.000697 0.000245 0.000304 0.000323 0.000422
0.000310  0.000192 0.000211 0.000296 0.000331 0.000228 0.000258 0.000272 0.000340 0.000236 0.000239 0.000204 0.000102 0.000336 0.000146 0.000279 0.000250 0.000106 0.000291  0.000288 0.000404 0.000511 0.000163 0.000171 0.000266 0.000190 0.000183 0.000248 0.000183 0.000235
0.000240  0.000179 0.000176 0.000211 0.000198 0.000176 0.000247 0.000183 0.000213 0.000218 0.000219 0.000208 0.000107 0.000192 0.000176 0.000175 0.000231 0.000104 0.000232  0.000232 0.000277 0.000163 0.000234 0.000146 0.000169 0.000226 0.000103 0.000139 0.000122 0.000108
0.000241  0.000145 0.000167 0.000164 0.000187 0.000162 0.000216 0.000185 0.000209 0.000187 0.000187 0.000149 0.000103 0.000179 0.000140 0.000172 0.000189 0.000104 0.000202  0.000260 0.000255 0.000171 0.000146 0.000174 0.000128 0.000220 0.000111 0.000146 0.000138 0.000096
0.000294  0.000222 0.000224 0.000531 0.000346 0.000244 0.000346 0.000293 0.000458 0.000381 0.000373 0.000343 0.000075 0.000316 0.000160 0.000287 0.000613 0.000010 0.000387  0.000475 0.000693 0.000266 0.000169 0.000128 0.000866 0.000570 0.000137 0.000205 0.000197 0.000312
0.000455  0.000186 0.000279 0.000506 0.000404 0.000300 0.000284 0.000307 0.000430 0.000305 0.000306 0.000294 0.000155 0.000340 0.000221 0.000317 0.000504 0.000112 0.000343  0.000814 0.000697 0.000190 0.000226 0.000220 0.000570 0.001251 0.000146 0.000203 0.000124 0.000175
0.000205  0.000152 0.000154 0.000176 0.000221 0.000177 0.000188 0.000183 0.000181 0.000164 0.000166 0.000158 0.000103 0.000227 0.000101 0.000147 0.000214 0.000101 0.000199  0.000264 0.000245 0.000183 0.000103 0.000111 0.000137 0.000146 0.000175 0.000128 0.000129 0.000114
0.000236  0.000187 0.000172 0.000165 0.000265 0.000205 0.000263 0.000226 0.000278 0.000124 0.000130 0.000187 0.000093 0.000253 0.000149 0.000275 0.000196 0.000112 0.000178  0.000267 0.000304 0.000248 0.000139 0.000146 0.000205 0.000203 0.000128 0.000273 0.000165 0.000212
0.000262  0.000198 0.000190 0.000130 0.000211 0.000170 0.000265 0.000202 0.000195 0.000241 0.000241 0.000175 0.000083 0.000186 0.000113 0.000189 0.000319 0.000093 0.000253  0.000149 0.000323 0.000183 0.000122 0.000138 0.000197 0.000124 0.000129 0.000165 0.000302 0.000148
0.000284  0.000123 0.000164 0.000265 0.000230 0.000203 0.000258 0.000234 0.000315 0.000231 0.000230 0.000182 0.000041 0.000219 0.000089 0.000251 0.000244 0.000073 0.000281  0.000379 0.000422 0.000235 0.000108 0.000096 0.000312 0.000175 0.000114 0.000212 0.000148 0.000498